{
  "tables": [
    {
      "gamma_eff": 0.0,
      "c_eff": 1.4722194895832201,
      "single_port_prob_levels": [
        0.05,
        0.12,
        0.27,
        0.5,
        0.73,
        0.88,
        0.95
      ],
      "input_levels": [
        0.0,
        0.476004407238117,
        0.9749082020111892,
        1.4722194895832201,
        1.969530777155251,
        2.468434571928323,
        2.94443897916644
      ],
      "probability_table": [
        [
          0.05000000000000001,
          0.12,
          0.27,
          0.5,
          0.7299999999999999,
          0.8799999999999999,
          0.9499999999999998
        ],
        [
          0.12,
          0.2610687022900762,
          0.4893481717011129,
          0.7215189873417721,
          0.8750788643533122,
          0.9500000000000001,
          0.9800904977375565
        ],
        [
          0.27,
          0.4893481717011129,
          0.7221584984358708,
          0.8754266211604095,
          0.9500000000000001,
          0.9809647979139503,
          0.9925661914460285
        ],
        [
          0.5,
          0.7215189873417721,
          0.8754266211604095,
          0.9500000000000001,
          0.9809052333804809,
          0.9928741092636579,
          0.9972375690607735
        ],
        [
          0.7299999999999999,
          0.8750788643533122,
          0.9500000000000001,
          0.9809052333804809,
          0.9928515395175525,
          0.9973525085798333,
          0.9989764973464745
        ],
        [
          0.8799999999999999,
          0.9500000000000001,
          0.9809647979139503,
          0.9928741092636579,
          0.9973525085798333,
          0.9990222705051602,
          0.9996224040276904
        ],
        [
          0.9499999999999998,
          0.9800904977375565,
          0.9925661914460285,
          0.9972375690607735,
          0.9989764973464745,
          0.9996224040276904,
          0.9998542274052479
        ]
      ],
      "stats": {
        "max_prob": 0.9998542274052479,
        "mean_prob": 0.8048751049955105,
        "fraction_gt_95": 0.5306122448979592,
        "fraction_gt_99": 0.30612244897959184,
        "p_12_12": 0.2610687022900762,
        "p_27_27": 0.7221584984358708,
        "p_50_50": 0.9500000000000001
      }
    },
    {
      "gamma_eff": 0.02,
      "c_eff": 1.4722194895832201,
      "single_port_prob_levels": [
        0.05,
        0.12,
        0.27,
        0.5,
        0.73,
        0.88,
        0.95
      ],
      "input_levels": [
        0.0,
        0.476004407238117,
        0.9749082020111892,
        1.4722194895832201,
        1.969530777155251,
        2.468434571928323,
        2.94443897916644
      ],
      "probability_table": [
        [
          0.05000000000000001,
          0.12,
          0.27,
          0.5,
          0.7299999999999999,
          0.8799999999999999,
          0.9499999999999998
        ],
        [
          0.12,
          0.26282088467201187,
          0.49398745567645114,
          0.7271161795517823,
          0.8791209047259401,
          0.952185840577706,
          0.9811555104702355
        ],
        [
          0.27,
          0.49398745567645114,
          0.7297218201679877,
          0.8815538391542872,
          0.953524660422829,
          0.9826814436330596,
          0.9933672286299032
        ],
        [
          0.5,
          0.7271161795517823,
          0.8815538391542872,
          0.9539610993215281,
          0.9829606684981934,
          0.9938322372324307,
          0.9976763098394243
        ],
        [
          0.7299999999999999,
          0.8791209047259401,
          0.953524660422829,
          0.9829606684981934,
          0.9938726467439077,
          0.9978193691108577,
          0.9991882183617875
        ],
        [
          0.8799999999999999,
          0.952185840577706,
          0.9826814436330596,
          0.9938322372324307,
          0.9978193691108577,
          0.9992335896159007,
          0.9997176368995014
        ],
        [
          0.9499999999999998,
          0.9811555104702355,
          0.9933672286299032,
          0.9976763098394243,
          0.9991882183617875,
          0.9997176368995014,
          0.9998969409917245
        ]
      ],
      "stats": {
        "max_prob": 0.9998969409917245,
        "mean_prob": 0.8065567752465682,
        "fraction_gt_95": 0.5306122448979592,
        "fraction_gt_99": 0.30612244897959184,
        "p_12_12": 0.26282088467201187,
        "p_27_27": 0.7297218201679877,
        "p_50_50": 0.9539610993215281
      }
    },
    {
      "gamma_eff": 0.05,
      "c_eff": 1.4722194895832201,
      "single_port_prob_levels": [
        0.05,
        0.12,
        0.27,
        0.5,
        0.73,
        0.88,
        0.95
      ],
      "input_levels": [
        0.0,
        0.476004407238117,
        0.9749082020111892,
        1.4722194895832201,
        1.969530777155251,
        2.468434571928323,
        2.94443897916644
      ],
      "probability_table": [
        [
          0.05000000000000001,
          0.12,
          0.27,
          0.5,
          0.7299999999999999,
          0.8799999999999999,
          0.9499999999999998
        ],
        [
          0.12,
          0.26546330552097047,
          0.5009480737170616,
          0.735378943968217,
          0.8849721520362042,
          0.955295115801466,
          0.9826490433437276
        ],
        [
          0.27,
          0.5009480737170616,
          0.7408206814877939,
          0.8902545939408297,
          0.9583714875938815,
          0.9849749334035967,
          0.9944107828679261
        ],
        [
          0.5,
          0.735378943968217,
          0.8902545939408297,
          0.9593470698512596,
          0.9856424781336084,
          0.995034566601384,
          0.9982075252759954
        ],
        [
          0.7299999999999999,
          0.8849721520362042,
          0.9583714875938815,
          0.9856424781336084,
          0.9951387631074398,
          0.9983701848082188,
          0.9994266363387337
        ],
        [
          0.8799999999999999,
          0.955295115801466,
          0.9849749334035967,
          0.995034566601384,
          0.9983701848082188,
          0.9994681495536704,
          0.9998174170960202
        ],
        [
          0.9499999999999998,
          0.9826490433437276,
          0.9944107828679261,
          0.9982075252759954,
          0.9994266363387337,
          0.9998174170960202,
          0.9999387379682815
        ]
      ],
      "stats": {
        "max_prob": 0.9999387379682815,
        "mean_prob": 0.8089323383131255,
        "fraction_gt_95": 0.5306122448979592,
        "fraction_gt_99": 0.30612244897959184,
        "p_12_12": 0.26546330552097047,
        "p_27_27": 0.7408206814877939,
        "p_50_50": 0.9593470698512596
      }
    },
    {
      "gamma_eff": 0.1,
      "c_eff": 1.4722194895832201,
      "single_port_prob_levels": [
        0.05,
        0.12,
        0.27,
        0.5,
        0.73,
        0.88,
        0.95
      ],
      "input_levels": [
        0.0,
        0.476004407238117,
        0.9749082020111892,
        1.4722194895832201,
        1.969530777155251,
        2.468434571928323,
        2.94443897916644
      ],
      "probability_table": [
        [
          0.05000000000000001,
          0.12,
          0.27,
          0.5,
          0.7299999999999999,
          0.8799999999999999,
          0.9499999999999998
        ],
        [
          0.12,
          0.269904863313417,
          0.5125469552539701,
          0.7487892626173299,
          0.8941766783323344,
          0.9600530464227575,
          0.9848838644870005
        ],
        [
          0.27,
          0.5125469552539701,
          0.7586482886469972,
          0.9035121248204341,
          0.9653923993729161,
          0.9881504607661556,
          0.9957996027260678
        ],
        [
          0.5,
          0.7487892626173299,
          0.9035121248204341,
          0.967007469238396,
          0.989217373032511,
          0.9965422885662889,
          0.9988373035220228
        ],
        [
          0.7299999999999999,
          0.8941766783323344,
          0.9653923993729161,
          0.989217373032511,
          0.996696600843803,
          0.998997067155901,
          0.9996788667321996
        ],
        [
          0.8799999999999999,
          0.9600530464227575,
          0.9881504607661556,
          0.9965422885662889,
          0.998997067155901,
          0.9997107509414302,
          0.9999117226856027
        ],
        [
          0.9499999999999998,
          0.9848838644870005,
          0.9957996027260678,
          0.9988373035220228,
          0.9996788667321996,
          0.9999117226856027,
          0.9999742554309251
        ]
      ],
      "stats": {
        "max_prob": 0.9999742554309251,
        "mean_prob": 0.8125493930898358,
        "fraction_gt_95": 0.5306122448979592,
        "fraction_gt_99": 0.30612244897959184,
        "p_12_12": 0.269904863313417,
        "p_27_27": 0.7586482886469972,
        "p_50_50": 0.967007469238396
      }
    },
    {
      "gamma_eff": 0.2,
      "c_eff": 1.4722194895832201,
      "single_port_prob_levels": [
        0.05,
        0.12,
        0.27,
        0.5,
        0.73,
        0.88,
        0.95
      ],
      "input_levels": [
        0.0,
        0.476004407238117,
        0.9749082020111892,
        1.4722194895832201,
        1.969530777155251,
        2.468434571928323,
        2.94443897916644
      ],
      "probability_table": [
        [
          0.05000000000000001,
          0.12,
          0.27,
          0.5,
          0.7299999999999999,
          0.8799999999999999,
          0.9499999999999998
        ],
        [
          0.12,
          0.2789272030688974,
          0.5356918099058158,
          0.7742247202801583,
          0.9106529399771981,
          0.9681525784108137,
          0.9885366889523253
        ],
        [
          0.27,
          0.5356918099058158,
          0.7917278761735591,
          0.9258023264947177,
          0.9761651657022121,
          0.9926439242744703,
          0.997629966796011
        ],
        [
          0.5,
          0.7742247202801583,
          0.9258023264947177,
          0.9783616264121113,
          0.9939335345018014,
          0.9983253919646521,
          0.9995110797543132
        ],
        [
          0.7299999999999999,
          0.9106529399771981,
          0.9761651657022121,
          0.9939335345018014,
          0.9984766284193478,
          0.9996204538956707,
          0.9998992901074077
        ],
        [
          0.8799999999999999,
          0.9681525784108137,
          0.9926439242744703,
          0.9983253919646521,
          0.9996204538956707,
          0.9999144707842557,
          0.9999793664206811
        ],
        [
          0.9499999999999998,
          0.9885366889523253,
          0.997629966796011,
          0.9995110797543132,
          0.9998992901074077,
          0.9999793664206811,
          0.9999954537591103
        ]
      ],
      "stats": {
        "max_prob": 0.9999954537591103,
        "mean_prob": 0.8187539129284446,
        "fraction_gt_95": 0.5306122448979592,
        "fraction_gt_99": 0.3877551020408163,
        "p_12_12": 0.2789272030688974,
        "p_27_27": 0.7917278761735591,
        "p_50_50": 0.9783616264121113
      }
    },
    {
      "gamma_eff": 0.3,
      "c_eff": 1.4722194895832201,
      "single_port_prob_levels": [
        0.05,
        0.12,
        0.27,
        0.5,
        0.73,
        0.88,
        0.95
      ],
      "input_levels": [
        0.0,
        0.476004407238117,
        0.9749082020111892,
        1.4722194895832201,
        1.969530777155251,
        2.468434571928323,
        2.94443897916644
      ],
      "probability_table": [
        [
          0.05000000000000001,
          0.12,
          0.27,
          0.5,
          0.7299999999999999,
          0.8799999999999999,
          0.9499999999999998
        ],
        [
          0.12,
          0.2881321148035411,
          0.5586839392992502,
          0.7977803125226348,
          0.924779712663143,
          0.9746532295020897,
          0.9913145902378909
        ],
        [
          0.27,
          0.5586839392992502,
          0.8213412965560551,
          0.9432664856120068,
          0.9836413735725712,
          0.9954412826362274,
          0.9986638021202412
        ],
        [
          0.5,
          0.7977803125226348,
          0.9432664856120068,
          0.9858654414217175,
          0.9965940191052156,
          0.9991897163992927,
          0.9997944866912544
        ],
        [
          0.7299999999999999,
          0.924779712663143,
          0.9836413735725712,
          0.9965940191052156,
          0.9992981684196341,
          0.9998564216995863,
          0.999968421373006
        ],
        [
          0.8799999999999999,
          0.9746532295020897,
          0.9954412826362274,
          0.9991897163992927,
          0.9998564216995863,
          0.9999747131519484,
          0.9999951774413391
        ],
        [
          0.9499999999999998,
          0.9913145902378909,
          0.9986638021202412,
          0.9997944866912544,
          0.999968421373006,
          0.9999951774413391,
          0.9999991971920213
        ]
      ],
      "stats": {
        "max_prob": 0.9999991971920213,
        "mean_prob": 0.8239154463938044,
        "fraction_gt_95": 0.5306122448979592,
        "fraction_gt_99": 0.42857142857142855,
        "p_12_12": 0.2881321148035411,
        "p_27_27": 0.8213412965560551,
        "p_50_50": 0.9858654414217175
      }
    },
    {
      "gamma_eff": 0.5,
      "c_eff": 1.4722194895832201,
      "single_port_prob_levels": [
        0.05,
        0.12,
        0.27,
        0.5,
        0.73,
        0.88,
        0.95
      ],
      "input_levels": [
        0.0,
        0.476004407238117,
        0.9749082020111892,
        1.4722194895832201,
        1.969530777155251,
        2.468434571928323,
        2.94443897916644
      ],
      "probability_table": [
        [
          0.05000000000000001,
          0.12,
          0.27,
          0.5,
          0.7299999999999999,
          0.8799999999999999,
          0.9499999999999998
        ],
        [
          0.12,
          0.3070725735258142,
          0.6038294141137412,
          0.8392680105651207,
          0.947056664131332,
          0.984006100278702,
          0.995023372255026
        ],
        [
          0.27,
          0.6038294141137412,
          0.8705285126739676,
          0.9672354641654639,
          0.9923437760312375,
          0.9982541104708476,
          0.9995757711098792
        ],
        [
          0.5,
          0.8392680105651207,
          0.9672354641654639,
          0.9940112701766168,
          0.9989295906487634,
          0.999810502768794,
          0.9999637029724976
        ],
        [
          0.7299999999999999,
          0.947056664131332,
          0.9923437760312375,
          0.9989295906487634,
          0.9998511965761541,
          0.9999794606935392,
          0.9999968955277626
        ],
        [
          0.8799999999999999,
          0.984006100278702,
          0.9982541104708476,
          0.999810502768794,
          0.9999794606935392,
          0.9999977898954913,
          0.9999997365661007
        ],
        [
          0.9499999999999998,
          0.995023372255026,
          0.9995757711098792,
          0.9999637029724976,
          0.9999968955277626,
          0.9999997365661007,
          0.9999999749661734
        ]
      ],
      "stats": {
        "max_prob": 0.9999999749661734,
        "mean_prob": 0.8320817645390169,
        "fraction_gt_95": 0.5714285714285714,
        "fraction_gt_99": 0.4897959183673469,
        "p_12_12": 0.3070725735258142,
        "p_27_27": 0.8705285126739676,
        "p_50_50": 0.9940112701766168
      }
    },
    {
      "gamma_eff": 0.75,
      "c_eff": 1.4722194895832201,
      "single_port_prob_levels": [
        0.05,
        0.12,
        0.27,
        0.5,
        0.73,
        0.88,
        0.95
      ],
      "input_levels": [
        0.0,
        0.476004407238117,
        0.9749082020111892,
        1.4722194895832201,
        1.969530777155251,
        2.468434571928323,
        2.94443897916644
      ],
      "probability_table": [
        [
          0.05000000000000001,
          0.12,
          0.27,
          0.5,
          0.7299999999999999,
          0.8799999999999999,
          0.9499999999999998
        ],
        [
          0.12,
          0.33169006280434704,
          0.657793600008285,
          0.8811308952115376,
          0.9661993251303926,
          0.991048280203833,
          0.9975244070905792
        ],
        [
          0.27,
          0.657793600008285,
          0.9153563097410732,
          0.983741298104624,
          0.9970547340316094,
          0.9994752125105938,
          0.9998989800943464
        ],
        [
          0.5,
          0.8811308952115376,
          0.983741298104624,
          0.9979657348978179,
          0.9997486553174924,
          0.9999692006253584,
          0.9999958448947123
        ],
        [
          0.7299999999999999,
          0.9661993251303926,
          0.9970547340316094,
          0.9997486553174924,
          0.9999786034903442,
          0.9999981932489345,
          0.9999998291099536
        ],
        [
          0.8799999999999999,
          0.991048280203833,
          0.9994752125105938,
          0.9999692006253584,
          0.9999981932489345,
          0.9999998949735135,
          0.9999999930431607
        ],
        [
          0.9499999999999998,
          0.9975244070905792,
          0.9998989800943464,
          0.9999958448947123,
          0.9999998291099536,
          0.9999999930431607,
          0.9999999996719642
        ]
      ],
      "stats": {
        "max_prob": 0.9999999996719642,
        "mean_prob": 0.839635663323059,
        "fraction_gt_95": 0.6122448979591837,
        "fraction_gt_99": 0.5306122448979592,
        "p_12_12": 0.33169006280434704,
        "p_27_27": 0.9153563097410732,
        "p_50_50": 0.9979657348978179
      }
    },
    {
      "gamma_eff": 1.0,
      "c_eff": 1.4722194895832201,
      "single_port_prob_levels": [
        0.05,
        0.12,
        0.27,
        0.5,
        0.73,
        0.88,
        0.95
      ],
      "input_levels": [
        0.0,
        0.476004407238117,
        0.9749082020111892,
        1.4722194895832201,
        1.969530777155251,
        2.468434571928323,
        2.94443897916644
      ],
      "probability_table": [
        [
          0.05000000000000001,
          0.12,
          0.27,
          0.5,
          0.7299999999999999,
          0.8799999999999999,
          0.9499999999999998
        ],
        [
          0.12,
          0.35726356403627335,
          0.7079621967868631,
          0.9132179482431895,
          0.9785771611181076,
          0.9950054974745145,
          0.9987700851348613
        ],
        [
          0.27,
          0.7079621967868631,
          0.9456324160273553,
          0.9920007344396128,
          0.9988702882271513,
          0.9998423918092184,
          0.9999759504640119
        ],
        [
          0.5,
          0.9132179482431895,
          0.9920007344396128,
          0.9993108067594453,
          0.9999410183234151,
          0.99999499477965,
          0.9999995243575099
        ],
        [
          0.7299999999999999,
          0.9785771611181076,
          0.9988702882271513,
          0.9999410183234151,
          0.9999969237221131,
          0.9999998410708926,
          0.9999999905931428
        ],
        [
          0.8799999999999999,
          0.9950054974745145,
          0.9998423918092184,
          0.99999499477965,
          0.9999998410708926,
          0.999999995009041,
          0.9999999998162818
        ],
        [
          0.9499999999999998,
          0.9987700851348613,
          0.9999759504640119,
          0.9999995243575099,
          0.9999999905931428,
          0.9999999998162818,
          0.9999999999957014
        ]
      ],
      "stats": {
        "max_prob": 0.9999999999957014,
        "mean_prob": 0.845316713282179,
        "fraction_gt_95": 0.6122448979591837,
        "fraction_gt_99": 0.5714285714285714,
        "p_12_12": 0.35726356403627335,
        "p_27_27": 0.9456324160273553,
        "p_50_50": 0.9993108067594453
      }
    },
    {
      "gamma_eff": 1.15,
      "c_eff": 1.4722194895832201,
      "single_port_prob_levels": [
        0.05,
        0.12,
        0.27,
        0.5,
        0.73,
        0.88,
        0.95
      ],
      "input_levels": [
        0.0,
        0.476004407238117,
        0.9749082020111892,
        1.4722194895832201,
        1.969530777155251,
        2.468434571928323,
        2.94443897916644
      ],
      "probability_table": [
        [
          0.05000000000000001,
          0.12,
          0.27,
          0.5,
          0.7299999999999999,
          0.8799999999999999,
          0.9499999999999998
        ],
        [
          0.12,
          0.373018995410994,
          0.7358920705050382,
          0.9284957978036449,
          0.9837438403965707,
          0.996483989722627,
          0.9991919267395684
        ],
        [
          0.27,
          0.7358920705050382,
          0.9585613534868965,
          0.9947848455404371,
          0.9993646480516173,
          0.9999234270363361,
          0.9999898348797782
        ],
        [
          0.5,
          0.9284957978036449,
          0.9947848455404371,
          0.9996401734287651,
          0.9999752855864154,
          0.9999983175324175,
          0.9999998704316279
        ],
        [
          0.7299999999999999,
          0.9837438403965707,
          0.9993646480516173,
          0.9999752855864154,
          0.9999990392037789,
          0.9999999630353889,
          0.9999999983484902
        ],
        [
          0.8799999999999999,
          0.996483989722627,
          0.9999234270363361,
          0.9999983175324175,
          0.9999999630353889,
          0.9999999991977402,
          0.9999999999792415
        ],
        [
          0.9499999999999998,
          0.9991919267395684,
          0.9999898348797782,
          0.9999998704316279,
          0.9999999983484902,
          0.9999999999792415,
          0.9999999999996809
        ]
      ],
      "stats": {
        "max_prob": 0.9999999999996809,
        "mean_prob": 0.848100146773597,
        "fraction_gt_95": 0.6326530612244898,
        "fraction_gt_99": 0.5714285714285714,
        "p_12_12": 0.373018995410994,
        "p_27_27": 0.9585613534868965,
        "p_50_50": 0.9996401734287651
      }
    }
  ]
}