{
  "tables": [
    {
      "gamma_eff": 0.1,
      "c_eff": 0.9962150823451031,
      "single_port_prob_levels": [
        0.12,
        0.18,
        0.27,
        0.4,
        0.6,
        0.73,
        0.88
      ],
      "input_levels": [
        0.0,
        0.23804133766105884,
        0.4989037947730722,
        0.793482528291021,
        1.1989476363991853,
        1.4935263699171342,
        1.9924301646902063
      ],
      "probability_table": [
        [
          0.12,
          0.17999999999999997,
          0.27,
          0.4,
          0.6000000000000001,
          0.7300000000000001,
          0.8800000000000001
        ],
        [
          0.17999999999999997,
          0.2632911954277268,
          0.3787662983419083,
          0.5270719728635026,
          0.7188223563317295,
          0.8237276125651066,
          0.928466537148749
        ],
        [
          0.27,
          0.3787662983419083,
          0.513238408649403,
          0.6618427062127035,
          0.8209657999612098,
          0.8948676087714303,
          0.9604198935478683
        ],
        [
          0.4,
          0.5270719728635026,
          0.6618427062127035,
          0.7870815863937711,
          0.898685077995615,
          0.9436729645890859,
          0.9800736925881327
        ],
        [
          0.6000000000000001,
          0.7188223563317295,
          0.8209657999612098,
          0.898685077995615,
          0.9565139621325645,
          0.9770372138727753,
          0.9923706144142874
        ],
        [
          0.7300000000000001,
          0.8237276125651066,
          0.8948676087714303,
          0.9436729645890859,
          0.9770372138727753,
          0.9882001625914685,
          0.9962214615513614
        ],
        [
          0.8800000000000001,
          0.928466537148749,
          0.9604198935478683,
          0.9800736925881327,
          0.9923706144142874,
          0.9962214615513614,
          0.9988550470050436
        ]
      ],
      "stats": {
        "max_prob": 0.9988550470050436,
        "mean_prob": 0.7296572241573656,
        "fraction_gt_95": 0.2653061224489796,
        "fraction_gt_99": 0.10204081632653061,
        "p_12_12": 0.12,
        "p_27_27": 0.513238408649403,
        "p_50_50": 0.7870815863937711
      }
    },
    {
      "gamma_eff": 0.2,
      "c_eff": 0.9962150823451031,
      "single_port_prob_levels": [
        0.12,
        0.18,
        0.27,
        0.4,
        0.6,
        0.73,
        0.88
      ],
      "input_levels": [
        0.0,
        0.23804133766105884,
        0.4989037947730722,
        0.793482528291021,
        1.1989476363991853,
        1.4935263699171342,
        1.9924301646902063
      ],
      "probability_table": [
        [
          0.12,
          0.17999999999999997,
          0.27,
          0.4,
          0.6000000000000001,
          0.7300000000000001,
          0.8800000000000001
        ],
        [
          0.17999999999999997,
          0.2654952831816537,
          0.38437106346685845,
          0.5364776315480729,
          0.7302137701706819,
          0.8338155164222072,
          0.934516136248728
        ],
        [
          0.27,
          0.38437106346685845,
          0.5256641792640494,
          0.6793292588706704,
          0.8378797850363553,
          0.90808556794616,
          0.9673226569217027
        ],
        [
          0.4,
          0.5364776315480729,
          0.6793292588706704,
          0.8074220883215925,
          0.9147425974348387,
          0.955024644587809,
          0.9853964389686667
        ],
        [
          0.6000000000000001,
          0.7302137701706819,
          0.8378797850363553,
          0.9147425974348387,
          0.967021042678152,
          0.9838377355811951,
          0.9952547433660702
        ],
        [
          0.7300000000000001,
          0.8338155164222072,
          0.90808556794616,
          0.955024644587809,
          0.9838377355811951,
          0.992414661017493,
          0.9979126734802826
        ],
        [
          0.8800000000000001,
          0.934516136248728,
          0.9673226569217027,
          0.9853964389686667,
          0.9952547433660702,
          0.9979126734802826,
          0.9994820955111605
        ]
      ],
      "stats": {
        "max_prob": 0.9994820955111605,
        "mean_prob": 0.7364461181647898,
        "fraction_gt_95": 0.30612244897959184,
        "fraction_gt_99": 0.12244897959183673,
        "p_12_12": 0.12,
        "p_27_27": 0.5256641792640494,
        "p_50_50": 0.8074220883215925
      }
    },
    {
      "gamma_eff": 0.3,
      "c_eff": 0.9962150823451031,
      "single_port_prob_levels": [
        0.12,
        0.18,
        0.27,
        0.4,
        0.6,
        0.73,
        0.88
      ],
      "input_levels": [
        0.0,
        0.23804133766105884,
        0.4989037947730722,
        0.793482528291021,
        1.1989476363991853,
        1.4935263699171342,
        1.9924301646902063
      ],
      "probability_table": [
        [
          0.12,
          0.17999999999999997,
          0.27,
          0.4,
          0.6000000000000001,
          0.7300000000000001,
          0.8800000000000001
        ],
        [
          0.17999999999999997,
          0.2677111171051993,
          0.3900066979108457,
          0.5458574071513829,
          0.7413097670322575,
          0.8434358292200559,
          0.940087133528853
        ],
        [
          0.27,
          0.3900066979108457,
          0.5380582468858378,
          0.6963264576366459,
          0.8534810306557254,
          0.9197906316028809,
          0.9730553534508238
        ],
        [
          0.4,
          0.5458574071513829,
          0.6963264576366459,
          0.826248385705135,
          0.9284577416170978,
          0.9641754504220433,
          0.9893128691364342
        ],
        [
          0.6000000000000001,
          0.7413097670322575,
          0.8534810306557254,
          0.9284577416170978,
          0.9750556120369742,
          0.9886476563567308,
          0.9970518270128607
        ],
        [
          0.7300000000000001,
          0.8434358292200559,
          0.9197906316028809,
          0.9641754504220433,
          0.9886476563567308,
          0.9951313009608459,
          0.998847802120896
        ],
        [
          0.8800000000000001,
          0.940087133528853,
          0.9730553534508238,
          0.9893128691364342,
          0.9970518270128607,
          0.998847802120896,
          0.9997658132034005
        ]
      ],
      "stats": {
        "max_prob": 0.9997658132034005,
        "mean_prob": 0.742482811951193,
        "fraction_gt_95": 0.30612244897959184,
        "fraction_gt_99": 0.12244897959183673,
        "p_12_12": 0.12,
        "p_27_27": 0.5380582468858378,
        "p_50_50": 0.826248385705135
      }
    },
    {
      "gamma_eff": 0.5,
      "c_eff": 0.9962150823451031,
      "single_port_prob_levels": [
        0.12,
        0.18,
        0.27,
        0.4,
        0.6,
        0.73,
        0.88
      ],
      "input_levels": [
        0.0,
        0.23804133766105884,
        0.4989037947730722,
        0.793482528291021,
        1.1989476363991853,
        1.4935263699171342,
        1.9924301646902063
      ],
      "probability_table": [
        [
          0.12,
          0.17999999999999997,
          0.27,
          0.4,
          0.6000000000000001,
          0.7300000000000001,
          0.8800000000000001
        ],
        [
          0.17999999999999997,
          0.2721778243212821,
          0.4013651567960746,
          0.5645131824624393,
          0.7625927070994888,
          0.8613115536228203,
          0.9499217857216707
        ],
        [
          0.27,
          0.4013651567960746,
          0.5626908567595209,
          0.7287349949573549,
          0.8809473702324525,
          0.9392067080500479,
          0.9817338159520479
        ],
        [
          0.4,
          0.5645131824624393,
          0.7287349949573549,
          0.8594965142490885,
          0.9499684119498634,
          0.9773940049378717,
          0.9942930868494244
        ],
        [
          0.6000000000000001,
          0.7625927070994888,
          0.8809473702324525,
          0.9499684119498634,
          0.9858087363313239,
          0.9944211478471504,
          0.9988640448895703
        ],
        [
          0.7300000000000001,
          0.8613115536228203,
          0.9392067080500479,
          0.9773940049378717,
          0.9944211478471504,
          0.9979993816173939,
          0.9996493004404644
        ],
        [
          0.8800000000000001,
          0.9499217857216707,
          0.9817338159520479,
          0.9942930868494244,
          0.9988640448895703,
          0.9996493004404644,
          0.9999521345362952
        ]
      ],
      "stats": {
        "max_prob": 0.9999521345362952,
        "mean_prob": 0.7528155100292324,
        "fraction_gt_95": 0.30612244897959184,
        "fraction_gt_99": 0.20408163265306123,
        "p_12_12": 0.12,
        "p_27_27": 0.5626908567595209,
        "p_50_50": 0.8594965142490885
      }
    },
    {
      "gamma_eff": 0.75,
      "c_eff": 0.9962150823451031,
      "single_port_prob_levels": [
        0.12,
        0.18,
        0.27,
        0.4,
        0.6,
        0.73,
        0.88
      ],
      "input_levels": [
        0.0,
        0.23804133766105884,
        0.4989037947730722,
        0.793482528291021,
        1.1989476363991853,
        1.4935263699171342,
        1.9924301646902063
      ],
      "probability_table": [
        [
          0.12,
          0.17999999999999997,
          0.27,
          0.4,
          0.6000000000000001,
          0.7300000000000001,
          0.8800000000000001
        ],
        [
          0.17999999999999997,
          0.27782635959316593,
          0.41571224030312826,
          0.5875726989473412,
          0.7874539851697222,
          0.8812150284885533,
          0.9600721342801959
        ],
        [
          0.27,
          0.41571224030312826,
          0.5930389282474993,
          0.766051724723641,
          0.9089194325646696,
          0.957308224589239,
          0.9888078148440868
        ],
        [
          0.4,
          0.5875726989473413,
          0.766051724723641,
          0.8933972224299562,
          0.9683067795931998,
          0.9873730966154829,
          0.9974030907604756
        ],
        [
          0.6000000000000001,
          0.7874539851697222,
          0.9089194325646696,
          0.9683067795931998,
          0.9930329609318539,
          0.9977136455810783,
          0.9996556661873728
        ],
        [
          0.7300000000000001,
          0.8812150284885533,
          0.957308224589239,
          0.9873730966154829,
          0.9977136455810783,
          0.9993432871976402,
          0.9999207721454644
        ],
        [
          0.8800000000000001,
          0.9600721342801959,
          0.9888078148440868,
          0.9974030907604756,
          0.9996556661873728,
          0.9999207721454644,
          0.999993423211572
        ]
      ],
      "stats": {
        "max_prob": 0.999993423211572,
        "mean_prob": 0.763338874514265,
        "fraction_gt_95": 0.42857142857142855,
        "fraction_gt_99": 0.22448979591836735,
        "p_12_12": 0.12,
        "p_27_27": 0.5930389282474993,
        "p_50_50": 0.8933972224299562
      }
    }
  ]
}